# Program:featureCounts v2.0.1; Command:"featureCounts" "-T" "6" "-t" "exon" "-g" "Parent" "-a" "../Reference_data/genomic.gff" "-o" "feature_counts.txt" "-p" "SRR10775302.bam" "SRR10775303.bam" "SRR10775304.bam" "SRR10775305.bam" "SRR10775306.bam" "SRR10775307.bam" 
Geneid	Chr	Start	End	Strand	Length	SRR10775302.bam	SRR10775303.bam	SRR10775304.bam	SRR10775305.bam	SRR10775306.bam	SRR10775307.bam
rna-b4413	NC_000913.3	16952	17010	+	59	30	9	26	16	6	43
rna-b4762	NC_000913.3	75516	75608	-	93	186	177	192	195	81	285
rna-b4577	NC_000913.3	77367	77593	+	227	236	412	287	301	253	617
rna-b4810	NC_000913.3	92485	92658	+	174	8306	9266	4101	10189	6073	10026
rna-b4414	NC_000913.3	189712	189847	+	136	13712	12184	23456	14815	5892	45905
rna-b4809	NC_000913.3	194784	194844	+	61	129	209	59	128	101	122
rna-b0201	NC_000913.3	223771	225312	+	1542	572	1427	1211	288912	207659	486926
rna-b0202	NC_000913.3	225381	225457	+	77	2425	1218	5328	3152	816	11912
rna-b0203	NC_000913.3	225500	225575	+	76	4013	2219	7898	5137	1298	16124
rna-b0204	NC_000913.3	225759	228662	+	2904	1931	3356	2118	309042	227871	515516
rna-b0205	NC_000913.3	228756	228875	+	120	115	281	216	13097	10298	18699
rna-b0206	NC_000913.3	228928	229004	+	77	1246	1307	1509	2114	978	3800
rna-b0216	NC_000913.3	236931	237007	+	77	4405	1304	11549	6555	951	28035
rna-b0244	NC_000913.3	262871	262946	+	76	325	177	491	295	57	546
rna-b4690	NC_000913.3	272580	272654	+	75	40	47	46	68	23	98
rna-b0455	NC_000913.3	476448	476561	+	114	131546	233592	137905	168672	136357	260634
rna-b4585	NC_000913.3	507204	507287	+	84	77	57	56	86	26	97
rna-b4831	NC_000913.3	533629	533863	+	235	2136	2797	1382	3304	1832	3659
rna-b0536	NC_000913.3	564723	564799	+	77	308	119	610	300	43	881
rna-b4835	NC_000913.3	607733	607792	-	60	5	3	4	5	0	13
rna-b4763	NC_000913.3	686681	686843	-	163	3679	5109	3033	5579	3372	7167
rna-b0664	NC_000913.3	696430	696504	-	75	2956	2224	8849	4037	1298	17375
rna-b0665	NC_000913.3	696542	696616	-	75	3973	1869	11698	5199	1144	23193
rna-b0666	NC_000913.3	696664	696740	-	77	1651	562	4515	2375	286	9385
rna-b0668	NC_000913.3	696756	696830	-	75	7011	2538	16061	10284	1454	34898
rna-b0670	NC_000913.3	696865	696939	-	75	13561	4521	30829	19551	2432	67565
rna-b0672	NC_000913.3	696963	697047	-	85	19345	5234	38792	26156	2985	82129
rna-b0673	NC_000913.3	697057	697133	-	77	801	230	1567	1060	156	3697
rna-b4808	NC_000913.3	708236	708333	+	98	178	17	33	164	3	46
rna-b4764	NC_000913.3	765050	765150	+	101	2677	5971	2400	3839	3321	5307
rna-b0743	NC_000913.3	780554	780629	+	76	8552	3378	27568	11217	1718	51527
rna-b0744	NC_000913.3	780765	780840	+	76	9150	2829	25659	12321	1564	53560
rna-b0745	NC_000913.3	780843	780918	+	76	1754	603	5907	2604	385	11639
rna-b0746	NC_000913.3	781068	781143	+	76	6551	2746	16073	9619	1449	36226
rna-b0747	NC_000913.3	781147	781222	+	76	1220	441	3848	1775	259	7834
rna-b0748	NC_000913.3	781369	781444	+	76	2215	894	6628	3120	531	14339
rna-b0749	NC_000913.3	781577	781652	+	76	2083	693	5380	2927	428	11164
rna-b4814	NC_000913.3	837435	837531	-	97	161	201	180	253	70	286
rna-b4416	NC_000913.3	852725	853064	-	340	850	228	685	890	101	1652
rna-b4417	NC_000913.3	887979	888057	-	79	80	97	79	108	58	135
rna-b0883	NC_000913.3	925884	925971	-	88	928	582	1924	1487	507	4399
rna-b0971	NC_000913.3	1031625	1031712	-	88	6912	2014	9830	9747	1252	21776
rna-b1032	NC_000913.3	1097565	1097652	-	88	935	552	1984	1593	500	4452
rna-b4826	NC_000913.3	1140986	1141063	+	78	35	78	58	40	33	87
rna-b4418	NC_000913.3	1146589	1146757	+	169	2311	1771	4428	2525	867	8876
rna-b4832	NC_000913.3	1169303	1169402	+	100	18	47	57	37	16	77
rna-b4806	NC_000913.3	1196711	1196782	+	72	76	58	24	43	13	19
rna-b4420	NC_000913.3	1269323	1269389	+	67	108	190	137	148	110	260
rna-b4422	NC_000913.3	1269858	1269923	+	66	51	60	50	51	26	91
rna-b4424	NC_000913.3	1270393	1270460	+	68	62	104	66	60	41	130
rna-b4813	NC_000913.3	1279337	1279520	+	184	94	112	60	79	36	119
rna-b4425	NC_000913.3	1287066	1287236	-	171	215	124	1267	313	113	2789
rna-b1230	NC_000913.3	1287244	1287328	-	85	2361	639	5022	3134	467	11573
rna-b1231	NC_000913.3	1287538	1287622	-	85	2549	685	4893	3601	531	11936
rna-b4426	NC_000913.3	1405658	1405751	-	94	74	89	68	99	27	78
rna-b4699	NC_000913.3	1409129	1409250	+	122	93	107	78	69	71	212
rna-b4714	NC_000913.3	1413556	1413734	+	179	3	3	1	6	2	8
rna-b4833	NC_000913.3	1418405	1418502	-	98	0	1	1	0	0	0
rna-b4427	NC_000913.3	1437121	1437231	+	111	14	19	7	4	5	21
rna-b4597	NC_000913.3	1491442	1491506	-	65	129	90	131	107	36	137
rna-b4429	NC_000913.3	1492119	1492175	+	57	520	782	393	771	504	1009
rna-b4698	NC_000913.3	1622817	1622914	-	98	136	134	261	175	57	583
rna-b1574	NC_000913.3	1649382	1649434	+	53	44	53	29	60	42	95
rna-b1665	NC_000913.3	1746435	1746511	+	77	145	71	215	172	52	373
rna-b1666	NC_000913.3	1746516	1746592	+	77	321	109	510	439	64	1235
rna-b4430	NC_000913.3	1764713	1764780	-	68	27	43	11	9	2	11
rna-b4431	NC_000913.3	1770372	1770477	+	106	15	31	26	11	9	42
rna-b4432	NC_000913.3	1923066	1923337	+	272	3465	2358	1628	4652	1318	3138
rna-b4433	NC_000913.3	1923104	1923207	-	104	0	0	0	0	0	0
rna-b4717	NC_000913.3	1958441	1958520	-	80	180	202	216	242	102	506
rna-b4828	NC_000913.3	1977208	1977302	-	95	80	44	78	77	19	130
rna-b4759	NC_000913.3	1991748	1991814	-	67	3213	807	6027	3926	528	13280
rna-b1909	NC_000913.3	1991815	1991901	-	87	2086	653	4223	2878	403	8964
rna-b1910	NC_000913.3	1991914	1991987	-	74	4642	975	8167	6853	551	18515
rna-b1911	NC_000913.3	1992042	1992117	-	76	1939	643	3218	2673	405	7090
rna-b4719	NC_000913.3	1996921	1997057	+	137	420	249	275	409	122	492
rna-b4827	NC_000913.3	2001912	2002106	-	195	1965	3122	2883	2903	1718	6562
rna-b1954	NC_000913.3	2025223	2025313	-	91	39	43	55	47	29	112
rna-b4603	NC_000913.3	2033649	2033739	+	91	0	0	2	0	0	1
rna-b1975	NC_000913.3	2043468	2043557	-	90	999	454	543	1368	521	1096
rna-b1977	NC_000913.3	2044549	2044624	+	76	180	103	222	211	49	458
rna-b1984	NC_000913.3	2058027	2058102	-	76	121	71	109	136	43	223
rna-b1986	NC_000913.3	2059851	2059926	+	76	253	126	362	278	72	745
rna-b1989	NC_000913.3	2062260	2062335	+	76	160	123	299	213	68	560
rna-b4435	NC_000913.3	2071317	2071511	+	195	344	106	265	423	69	538
rna-b4436	NC_000913.3	2153311	2153454	+	144	2216	2174	1044	4257	1804	3143
rna-b4437	NC_000913.3	2153646	2153781	+	136	2230	906	1106	3006	553	2322
rna-b4438	NC_000913.3	2167114	2167200	+	87	192	209	302	198	132	738
rna-b2189	NC_000913.3	2286211	2286287	+	77	1275	340	1626	2771	400	5182
rna-b4439	NC_000913.3	2313084	2313176	+	93	5	9	6	5	2	17
rna-b2348	NC_000913.3	2466309	2466383	+	75	25	15	33	19	6	34
rna-b2396	NC_000913.3	2518041	2518116	-	76	4445	3820	7772	6363	2215	16374
rna-b2397	NC_000913.3	2518156	2518231	-	76	4795	4831	7100	6788	3090	17868
rna-b2401	NC_000913.3	2520931	2521006	+	76	8125	2491	15336	12296	1754	36547
rna-b2402	NC_000913.3	2521051	2521126	+	76	30130	9611	60377	41732	5430	129789
rna-b2403	NC_000913.3	2521173	2521248	+	76	8933	2640	17292	12707	1442	35105
rna-b2404	NC_000913.3	2521253	2521328	+	76	1819	631	4920	2766	417	9926
rna-b4761	NC_000913.3	2640595	2640686	-	92	532	375	295	717	217	535
rna-b4811	NC_000913.3	2653356	2653455	-	100	147	83	252	147	40	544
rna-b4440	NC_000913.3	2653855	2654158	+	304	1128	1377	1224	1464	880	2982
rna-b4441	NC_000913.3	2691157	2691340	-	184	25965	21367	23352	31847	13679	60267
rna-b4608	NC_000913.3	2700520	2700598	+	79	29	22	27	38	14	63
rna-b2588	NC_000913.3	2726069	2726188	-	120	131	288	254	13809	10927	19323
rna-b2589	NC_000913.3	2726281	2729184	-	2904	1775	3283	1964	356165	261355	588640
rna-b2590	NC_000913.3	2729369	2729444	-	76	11357	5800	24763	11642	2843	42591
rna-b2591	NC_000913.3	2729616	2731157	-	1542	685	1574	1241	323365	233256	540560
rna-b4609	NC_000913.3	2734153	2734295	-	143	34987	47619	24080	44790	34349	53496
rna-b4805	NC_000913.3	2737381	2737542	+	162	3081	4039	3089	3846	2319	6351
rna-b2621	NC_000913.3	2755593	2755955	+	363	1364608	2493933	906803	2250273	1695755	2331679
rna-b2652	NC_000913.3	2785762	2785837	-	76	6	6	4	4	3	8
rna-b4442	NC_000913.3	2814802	2814874	+	73	540	761	544	856	410	1172
rna-b2691	NC_000913.3	2817784	2817860	-	77	1414	346	2956	2731	249	9090
rna-b2692	NC_000913.3	2818059	2818135	-	77	2056	475	4528	3909	375	12734
rna-b2693	NC_000913.3	2818198	2818274	-	77	2783	622	6113	5199	443	16493
rna-b2694	NC_000913.3	2818473	2818549	-	77	2001	452	3783	3900	369	10824
rna-b2695	NC_000913.3	2818553	2818645	-	93	24194	16700	29614	39900	14047	80909
rna-b4701	NC_000913.3	2887353	2887411	+	59	14	15	1	17	5	2
rna-b4408	NC_000913.3	2924156	2924524	-	369	82031	36726	62601	258532	43413	315803
rna-b4443	NC_000913.3	2942696	2942901	+	206	41867	21867	120387	20245	5073	124075
rna-b2814	NC_000913.3	2947387	2947463	+	77	7999	8841	24030	3507	1842	21415
rna-b2815	NC_000913.3	2947497	2947573	+	77	8847	11317	28281	3832	2314	22592
rna-b2816	NC_000913.3	2947607	2947683	+	77	3551	5132	10607	1513	1063	8061
rna-b4444	NC_000913.3	2976102	2976189	-	88	22	18	15	17	9	32
rna-b4445	NC_000913.3	2976304	2976385	-	82	37	72	29	44	36	91
rna-b2864	NC_000913.3	2998984	2999057	-	74	95	55	131	113	33	270
rna-b2911	NC_000913.3	3055983	3056165	+	183	695617	1042056	581169	977394	708764	1559896
rna-b4446	NC_000913.3	3056851	3056991	+	141	2893	2064	1861	4442	1486	4723
rna-b2967	NC_000913.3	3110366	3110441	+	76	174	81	274	261	49	563
rna-b4447	NC_000913.3	3194721	3194865	-	145	9861	3589	6448	13833	2768	16559
rna-b4611	NC_000913.3	3195097	3195240	-	144	6616	4276	3835	9064	2972	9705
rna-b3069	NC_000913.3	3215598	3215673	+	76	122	96	110	174	27	190
rna-b3123	NC_000913.3	3270216	3270592	-	377	505967	914938	453900	742265	589967	1123168
rna-b4449	NC_000913.3	3311183	3311398	+	216	2794	1306	6454	3884	770	13473
rna-b3171	NC_000913.3	3318213	3318289	-	77	899	432	3700	583	175	3480
rna-b3174	NC_000913.3	3322072	3322158	-	87	4321	1312	10793	6446	811	25244
rna-b4450	NC_000913.3	3350577	3350697	+	121	893	235	552	725	90	1011
rna-b3272	NC_000913.3	3423423	3423542	-	120	196	354	302	13309	10575	18657
rna-b3273	NC_000913.3	3423580	3423655	-	76	124	97	243	211	92	694
rna-b3274	NC_000913.3	3423668	3423787	-	120	115	301	251	13796	11022	19351
rna-b3275	NC_000913.3	3423880	3426783	-	2904	1829	3246	1967	355488	261686	589613
rna-b3276	NC_000913.3	3426958	3427033	-	76	3961	2133	7508	5137	1196	15411
rna-b3277	NC_000913.3	3427076	3427152	-	77	2388	1255	5264	3204	791	11697
rna-b3278	NC_000913.3	3427221	3428762	-	1542	732	1628	1340	336305	241384	561173
rna-b4451	NC_000913.3	3580922	3581016	-	95	152	100	168	208	39	373
rna-b4712	NC_000913.3	3648063	3648144	+	82	45	73	105	42	29	130
rna-b4713	NC_000913.3	3648294	3648375	+	82	75	18	296	15	6	94
rna-b4704	NC_000913.3	3657985	3658054	-	70	37	27	39	70	16	100
rna-b4718	NC_000913.3	3658992	3659082	+	91	31	30	25	29	19	38
rna-b4452	NC_000913.3	3664864	3664969	+	106	174	176	121	114	54	161
rna-b4454	NC_000913.3	3700136	3700199	+	64	258	370	201	237	204	462
rna-b3545	NC_000913.3	3708616	3708692	-	77	245	109	383	304	71	802
rna-b4834	NC_000913.3	3729386	3729545	-	160	202	279	189	273	169	491
rna-b4760	NC_000913.3	3808166	3808238	-	73	16	8	11	25	4	48
rna-b3658	NC_000913.3	3836222	3836316	+	95	1467	2374	1681	2640	2092	5044
rna-b4829	NC_000913.3	3845730	3845995	-	266	121	260	402	140	180	808
rna-b4616	NC_000913.3	3853118	3853257	-	140	7	4	4	4	3	12
rna-b4616-2	NC_000913.3	3853118	3853190	-	73	0	0	0	0	0	0
rna-b4804	NC_000913.3	3937045	3937278	+	234	8886	10512	8042	8348	4498	12968
rna-b3756	NC_000913.3	3941808	3943349	+	1542	571	1423	1128	294126	211074	491970
rna-b3757	NC_000913.3	3943435	3943510	+	76	5075	2820	9630	5580	1545	17453
rna-b3758	NC_000913.3	3943704	3946607	+	2904	1961	3342	2024	303991	223558	508799
rna-b3759	NC_000913.3	3946700	3946819	+	120	116	327	215	12913	10308	18542
rna-b3760	NC_000913.3	3946872	3946948	+	77	1083	1043	1297	1771	696	3264
rna-b3761	NC_000913.3	3946957	3947032	+	76	3005	1934	4526	4475	1150	9559
rna-b3796	NC_000913.3	3982375	3982451	+	77	3608	942	5024	5654	679	13279
rna-b3797	NC_000913.3	3982509	3982585	+	77	7064	1666	12548	9894	909	26579
rna-b3798	NC_000913.3	3982606	3982692	+	87	3312	909	6528	5416	813	14686
rna-b3799	NC_000913.3	3982735	3982811	+	77	2910	1439	4677	3943	661	10088
rna-b4456	NC_000913.3	3986432	3986603	+	172	12184	9957	12909	14589	6258	29836
rna-b4707	NC_000913.3	4019978	4020229	+	252	943	504	713	1157	283	1363
rna-b3851	NC_000913.3	4035531	4037072	+	1542	605	1353	1063	289454	206800	482223
rna-b3852	NC_000913.3	4037141	4037217	+	77	2357	1318	5405	3317	814	11670
rna-b3853	NC_000913.3	4037260	4037335	+	76	4073	2230	7902	5218	1313	15739
rna-b3854	NC_000913.3	4037519	4040423	+	2905	1979	3459	2051	310683	230156	520013
rna-b3855	NC_000913.3	4040517	4040636	+	120	184	322	223	11654	9051	16879
rna-b3864	NC_000913.3	4049899	4050009	+	111	369	435	442	457	259	1140
rna-b4457	NC_000913.3	4051036	4051281	+	246	34361	45014	28923	46629	29093	73205
rna-b4716	NC_000913.3	4106330	4106387	+	58	115	49	81	47	6	64
rna-b4458	NC_000913.3	4158278	4158394	-	117	26	29	51	44	21	123
rna-b3968	NC_000913.3	4166659	4168200	+	1542	576	1394	1173	288738	208180	487123
rna-b3969	NC_000913.3	4168372	4168447	+	76	11223	5529	24073	11346	2845	42312
rna-b3970	NC_000913.3	4168641	4171544	+	2904	1545	2803	1681	306922	226752	512265
rna-b3971	NC_000913.3	4171637	4171756	+	120	198	355	268	13276	10267	18760
rna-b3976	NC_000913.3	4175388	4175463	+	76	201	163	226	278	122	521
rna-b3977	NC_000913.3	4175472	4175556	+	85	14649	3753	26507	22300	2904	68761
rna-b3978	NC_000913.3	4175673	4175747	+	75	8863	2946	19058	12143	1762	39254
rna-b3979	NC_000913.3	4175754	4175829	+	76	6488	2294	13461	9001	1263	28521
rna-b4691	NC_000913.3	4190327	4190487	-	161	6109	4380	5020	7882	3080	13341
rna-b4007	NC_000913.3	4208147	4209688	+	1542	569	1485	1106	289787	207342	484295
rna-b4008	NC_000913.3	4209774	4209849	+	76	5045	2952	9664	5443	1559	17185
rna-b4009	NC_000913.3	4210043	4212946	+	2904	2051	3361	2179	308011	226740	512680
rna-b4010	NC_000913.3	4213040	4213159	+	120	195	363	264	12786	10245	18542
rna-b4830	NC_000913.3	4218879	4218963	+	85	3437	3139	1647	4035	1571	3187
rna-b4807	NC_000913.3	4242531	4242633	-	103	394	220	425	180	60	298
rna-b4758	NC_000913.3	4263139	4263249	+	111	58	94	94	79	35	200
rna-b4459	NC_000913.3	4277926	4278066	-	141	980	1114	625	1606	1013	1869
rna-b4134	NC_000913.3	4362551	4362626	-	76	704	320	1332	1008	196	2655
rna-b4825	NC_000913.3	4366839	4366951	-	113	2538	1018	3330	2380	456	5840
rna-b4163	NC_000913.3	4392360	4392435	+	76	5703	2720	12344	7382	1704	31768
rna-b4164	NC_000913.3	4392472	4392547	+	76	5676	3420	13208	8068	2279	33064
rna-b4165	NC_000913.3	4392583	4392658	+	76	2123	1452	4856	3547	1005	11986
rna-b4270	NC_000913.3	4496405	4496489	+	85	1039	339	1746	1412	191	3447
rna-b4624	NC_000913.3	4527977	4528066	+	90	219	110	223	166	41	263
rna-b4625	NC_000913.3	4579835	4579911	+	77	8	7	18	17	1	24
rna-b4368	NC_000913.3	4606079	4606165	-	87	2231	1171	4063	4064	1100	10605
rna-b4369	NC_000913.3	4606200	4606286	-	87	5717	3015	8723	9613	2225	22923
rna-b4370	NC_000913.3	4606315	4606401	-	87	3886	2270	5853	7033	1773	15754
