Gene_ID	Read_Counts_Depleted	Read_Counts_Total	Gene_Length	DepletedRPKM	TotalRPKM
rna-CCNA_R0094	25	3	182	117.112483598631	4.11727033343187
rna-CCNA_R0095	586	27	659	758.135393065929	10.2338221641296
rna-CCNA_R0096	25	1	83	256.80086765001	3.00941044451647
rna-CCNA_R0097	8	1	84	81.1979886283841	2.97358412970079
rna-CCNA_R0098	2734	36	198	11772.4780785607	45.4147394354303
rna-CCNA_R0001	1059	9	76	11880.0136125436	29.5793368691289
rna-CCNA_R0002	392	11	129	2590.78233484053	21.2991607429731
rna-CCNA_R0099	105	3	256	349.690556495287	2.92712187767422
rna-CCNA_R0100	36	1	84	365.390948827728	2.97358412970079
rna-CCNA_R0003	401	6	77	4440.05365090664	19.4634597580416
rna-CCNA_R0004	53	2	133	339.749478734554	3.75610626909574
rna-CCNA_R0101	20	1	78	218.609969384111	3.20232137044701
rna-CCNA_R0005	50377	130	97	442787.281112238	334.758130890028
rna-CCNA_R0102	72	3	63	974.375863540609	11.8943365188032
rna-CCNA_R0103	230	2	103	1903.81691784027	4.85011780378382
rna-CCNA_R0200	13	1	22	503.796611262474	11.3536848588576
rna-CCNA_R0104	46	5	100	392.186285075095	12.4890533447433
rna-CCNA_R0105	176	4	313	479.405376949693	3.19209031175548
rna-CCNA_R0106	32	2	124	220.020356283363	4.02872688540107
rna-CCNA_R0201	164	1	78	1792.60174894971	3.20232137044701
rna-CCNA_R0107	36	0	103	297.988734966303	0
rna-CCNA_R0006	17	1	90	161.042677446295	2.77534518772074
rna-CCNA_R0108	79	5	69	976.141037206443	18.1000773112222
rna-CCNA_R0007	8321	82	90	78825.6540606248	227.578305393101
rna-CCNA_R0202	48	1	22	1860.17210312298	11.3536848588576
rna-CCNA_R0109	1711	56	415	3515.09027639334	33.7053969785844
rna-CCNA_R0110	520	11	706	627.961781743594	3.89177299694552
rna-CCNA_R0008	864	6	77	9566.59938748962	19.4634597580416
rna-CCNA_R0203	3	0	50	51.154732835882	0
rna-CCNA_R0111	24	1	450	45.4708736318951	0.555069037544148
rna-CCNA_R0112	36	1	253	121.315571942803	0.987276944248485
rna-CCNA_R0113	43	2	91	402.86694357929	5.48969377790916
rna-CCNA_R0114	168	8	563	254.410749450212	3.54928691857715
rna-CCNA_R0009	82	4	95	735.910191674092	10.5170975534681
rna-CCNA_R0010	165	3	77	1826.95474413864	9.73172987902078
rna-CCNA_R0115	441	45	66	5696.77706581413	170.305272882864
rna-CCNA_R0011	445	9	144	2634.70556851475	15.6113166809292
rna-CCNA_R0116	405	11	240	1438.72686100918	11.4482988993481
rna-CCNA_R0012	422	10	144	2498.5297750859	17.3459074232546
rna-CCNA_R0117	760	35	1142	567.390498471546	7.65528663863427
rna-CCNA_R0118	1319	21	113	9951.78357087438	46.4194903078956
rna-CCNA_R0119	1104	27	141	6675.51123532077	47.8304170649745
rna-CCNA_R0120	61	1	130	400.056243972923	1.9213928222682
rna-CCNA_R0013	9	0	115	66.7235645685417	0
rna-CCNA_R0014	5	0	83	51.360173530002	0
rna-CCNA_R0015	1171	11	75	13311.5982557373	36.6345564779138
rna-CCNA_R0016	26	2	70	316.672155650698	7.1366019112819
rna-CCNA_R0121	35	1	159	187.674596358058	1.57095010625702
rna-CCNA_R0122	92	2	144	544.70317371541	3.46918148465093
rna-CCNA_R0017	63	2	91	590.2469173371	5.48969377790916
rna-CCNA_R0204	2	0	60	28.4192960199344	0
rna-CCNA_R0018	31	1	239	110.585545182172	1.04510906650572
rna-CCNA_R0019	328	3	174	1607.16018871353	4.30657011887701
rna-CCNA_R0123	895	24	108	7065.35276051148	55.5069037544148
rna-CCNA_R0205	5	0	36	118.413733416393	0
rna-CCNA_R0124	147	2	775	161.714961868272	0.644596301664172
rna-CCNA_R0020	2	0	98	17.3995689917966	0
rna-CCNA_R0125	5	0	72	59.2068667081967	0
rna-CCNA_R0021	131	3	77	1450.49134231613	9.73172987902078
rna-CCNA_R0022	871	17	74	10035.0838513633	57.3821369893613
rna-CCNA_R0126	74	2	414	152.393326483706	1.20667182074815
rna-CCNA_R0023	288	8	77	3188.86646249654	25.9512796773887
rna-CCNA_R0127	2408	58	154	13331.2334057147	94.0733888305342
rna-CCNA_R0128	86	0	35	2094.90810661231	0
rna-CCNA_R0129	17607	189	181	82935.6704457987	260.821114050441
rna-CCNA_R0130	8	0	85	80.2427181739325	0
rna-CCNA_R0024	3369	25	90	31914.8694303864	69.3836296930185
rna-CCNA_R0025	122	9	337	308.648734222433	6.67071098532285
rna-CCNA_R0131	2	0	62	27.5025445354204	0
rna-CCNA_R0026	1609	37	75	18290.6589184298	123.225326334801
rna-CCNA_R0027	2031	42	75	23087.8360865947	139.877397461125
rna-CCNA_R0132	553	17	116	4064.44931871304	36.6058460104546
rna-CCNA_R0133	32	1	67	407.201853419956	3.72807562529652
rna-CCNA_R0028	348	12	76	3903.91382168573	39.4391158255053
rna-CCNA_R0134	20	0	75	227.354368159475	0
rna-CCNA_R0135	7	0	75	79.5740288558164	0
rna-CCNA_R0136	63	1	86	624.563598577629	2.90443101040543
rna-CCNA_R0137	55	1	276	169.897965336565	0.905003865561111
rna-CCNA_R0029	98	0	75	1114.03640398143	0
rna-CCNA_R0030	6130	123	86	60771.0295123947	357.245014279867
rna-CCNA_R0031	2098	46	74	24171.7633985767	155.269311853566
rna-CCNA_R0032	49	4	66	632.975229534903	15.1382464784768
rna-CCNA_R0033	459	8	75	5217.78274925996	26.6433138021191
rna-CCNA_R0034	302	6	75	3433.05095920808	19.9824853515893
rna-CCNA_R0138	329	7	371	756.060516756746	4.71285031877107
rna-CCNA_R0139	0	0	80	0	0
rna-CCNA_R0140	74	2	83	760.130568244029	6.01882088903293
rna-CCNA_R0035	1271	15	77	14073.0877563649	48.6586493951039
rna-CCNA_R0036	1451	15	75	16494.5594099699	49.9562133789733
rna-CCNA_R0037	1638	29	75	18620.322752261	96.5820125326818
rna-CCNA_R0038	134	8	77	1483.70870130047	25.9512796773887
rna-CCNA_R0039	200	4	77	2214.49059895593	12.9756398386944
rna-CCNA_R0141	139	2	326	363.522896942106	1.53239918340409
rna-CCNA_R0040	131	8	214	521.90576335674	9.33760997737819
rna-CCNA_R0142	13	0	157	70.5957034890091	0
rna-CCNA_R0143	19	0	80	202.487484142033	0
rna-CCNA_R0144	365	4	94	3310.54565338598	10.6289815699943
rna-CCNA_R0041	422	13	75	4797.17716816493	43.2953849284436
rna-CCNA_R0145	226	8	421	457.678924026498	4.74643357519937
rna-CCNA_R0042	512	14	144	3031.39157545967	24.2842703925565
rna-CCNA_R0146	196	3	67	2494.11135219723	11.1842268758896
rna-CCNA_R0147	30	0	117	218.609969384111	0
rna-CCNA_R0148	154	2	121	1085.10039348841	4.12861267594821
rna-CCNA_R0149	91	1	105	738.901696518295	2.37886730376063
rna-CCNA_R0150	7	1	96	62.1672100436066	2.60188611348819
rna-CCNA_R0043	610	4	90	5778.59019072	11.101380750883
rna-CCNA_R0044	34	1	95	305.13349410877	2.62927438836702
rna-CCNA_R0151	87	1	86	862.492588511964	2.90443101040543
rna-CCNA_R0152	250	9	515	413.873243008754	4.36510602340544
rna-CCNA_R0045	2593	48	77	28710.8706154636	155.707678064332
rna-CCNA_R0046	2368	28	77	26219.5686916382	90.8294788708606
rna-CCNA_R0047	95	4	75	1079.93324875751	13.3216569010596
rna-CCNA_R0048	642	5	85	6439.47813345808	14.6930039349922
rna-CCNA_R0153	32	1	84	324.791954513536	2.97358412970079
rna-CCNA_R0154	136	2	230	504.133598962315	2.17200927734667
rna-CCNA_R0155	12	0	89	114.954455810971	0
rna-CCNA_R0049	1081	9	84	10971.8782134104	26.7622571673071
rna-CCNA_R0049-2	66003	1137	212	265437.565359019	1339.62770311068
rna-CCNA_R0206	21	2	33	542.550196744203	15.1382464784768
rna-CCNA_R0156	95	3	278	291.34889804609	2.69547913915324
rna-CCNA_R0157	5	0	85	50.1516988587078	0
rna-CCNA_R0050	98	1	94	888.858832963907	2.65724539249858
rna-CCNA_R0051	178	7	193	786.316273297668	9.05941693401071
rna-CCNA_R0052	6671	113	85	66912.396617288	332.061888930823
rna-CCNA_R0207	72	1	81	757.847893864918	3.08371687524527
rna-CCNA_R0053	17465	33	85	175179.884113466	96.9738259709482
rna-CCNA_R0158	8	0	95	71.796116260887	0
rna-CCNA_R0159	65	0	497	111.504280158696	0
rna-CCNA_R0160	69	4	77	763.999256639796	12.9756398386944
rna-CCNA_R0161	25	0	80	266.430900186885	0
rna-CCNA_R0054	57	7	75	647.959949254505	23.3128995768542
rna-CCNA_R0162	37	0	69	457.179979451119	0
rna-CCNA_R0055	31	1	76	347.762438138671	3.28659298545877
rna-CCNA_R0056	685	13	75	7786.88710946203	43.2953849284436
rna-CCNA_R0163	84	5	210	341.031552239213	5.94716825940159
rna-CCNA_R0057	206	10	77	2280.92531692461	32.4390995967359
rna-CCNA_R0058	1310	18	76	14695.7675471503	59.1586737382579
rna-CCNA_R0059	630	6	75	7161.66259702348	19.9824853515893
rna-CCNA_R0060	9	1	74	103.69202601868	3.3754198229036
rna-CCNA_R0164	155	10	427	309.484136985234	5.84967369777205
rna-CCNA_R0062	6124	28	91	57375.7479646413	76.8557128907282
rna-CCNA_R0165	158	3	497	271.041173308831	1.50773279815815
rna-CCNA_R0166	25	1	61	349.417574015587	4.09477158844044
rna-CCNA_R0167	103	3	485	181.063143714634	1.54503752718474
rna-CCNA_R0168	244	8	512	406.307122785	3.90282917023229
rna-CCNA_R0169	23	1	467	41.9899662821301	0.534863098275946
rna-CCNA_R0170	94	3	185	433.202242033595	4.05050378748432
rna-CCNA_R0171	36	1	242	126.829916122021	1.03215316898705
rna-CCNA_R0061	46936	1063	400	100041.605849373	663.793185273108
rna-CCNA_R0208	13	1	24	461.813560323934	10.4075444539528
rna-CCNA_R0064	1144	38	77	12666.8862260279	123.268578467597
rna-CCNA_R0065	5860	42791	118	42339.9342398684	90579.5053686292
rna-CCNA_R0066	366163	1209002	2793	111773.30492532	108122.380751173
rna-CCNA_R0067	4588	124	76	51468.8408445234	407.537530196888
rna-CCNA_R0068	8088	265	77	89553.9998217778	859.636139313502
rna-CCNA_R0069	50359	768770	1476	29088.766834713	130097.690241712
rna-CCNA_R0063	130	3	112	989.600486408431	6.69056429182679
rna-CCNA_R0071	103	0	85	1033.12499648938	0
rna-CCNA_R0172	362	3	75	4115.11406368651	9.99124267579467
rna-CCNA_R0173	58	0	242	204.337087085479	0
rna-CCNA_R0174	74	7	252	250.360464937518	6.93836296930185
rna-CCNA_R0070	47	1	84	477.038183191757	2.97358412970079
rna-CCNA_R0072	447	5	144	2646.54694185639	8.67295371162731
rna-CCNA_R0175	31	0	93	284.192960199344	0
rna-CCNA_R0176	1560	16	148	8986.64225495224	27.0033585832288
rna-CCNA_R0177	10	1	187	45.5924535079162	1.33572763045383
rna-CCNA_R0178	58	0	81	610.488581168962	0
rna-CCNA_R0073	426	10	144	2522.21252176918	17.3459074232546
rna-CCNA_R0209	32	0	40	682.063104478426	0
rna-CCNA_R0179	37	2	95	332.057037706602	5.25854877673404
rna-CCNA_R0180	86	3	87	842.77912334978	8.61314023775402
rna-CCNA_R0181	29	1	85	290.879853380505	2.93860078699843
rna-CCNA_R0182	39	2	124	268.149809220349	4.02872688540107
rna-CCNA_R0183	369	19	247	1273.690716359	19.213928222682
rna-CCNA_R0184	115	0	88	1114.1655825997	0
rna-CCNA_R0185	120	2	291	351.57891983424	1.7167083635386
rna-CCNA_R0186	3	0	50	51.154732835882	0
rna-CCNA_R0075	496	12	77	5491.93668541071	38.9269195160831
rna-CCNA_R0187	34	0	55	527.048762551511	0
rna-CCNA_R0188	165	3	258	545.253935266184	2.90443101040543
rna-CCNA_R0076	1143	26	76	12822.3376384678	85.4514176219281
rna-CCNA_R0074	11	0	123	76.2468917607997	0
rna-CCNA_R0077	24630	522	172	122087.312960056	758.056493715816
rna-CCNA_R0189	183	4	195	800.112487945846	5.12371419271521
rna-CCNA_R0190	186	7	570	278.209950510937	3.06748678642819
rna-CCNA_R0191	58	1	77	642.20227369722	3.24390995967359
rna-CCNA_R0192	9	0	88	87.1955673338897	0
rna-CCNA_R0078	13	0	151	73.4008307799631	0
rna-CCNA_R0210	0	0	114	0	0
rna-CCNA_R0193	27	2	167	137.842094467945	2.99139002269301
rna-CCNA_R0194	748	61	276	2310.61232857728	55.2052357992278
rna-CCNA_R0079	0	0	136	0	0
rna-CCNA_R0093	0	0	129	0	0
rna-CCNA_R0080	61	2	173	300.620298939191	2.88764239184817
rna-CCNA_R0195	394	13	466	720.849954840397	6.96814135114435
rna-CCNA_R0196	429	5	68	5378.76970259641	18.3662549187402
rna-CCNA_R0082	1386	47	77	15346.4198507646	152.463768104659
rna-CCNA_R0083	5444	38169	118	39334.2324235228	80795.7079856794
rna-CCNA_R0211	13	9	30	369.450848259148	74.93432006846
rna-CCNA_R0084	346601	1178597	2793	105801.894949574	105403.228105653
rna-CCNA_R0085	4717	162	76	52915.9813129069	532.428063644321
rna-CCNA_R0086	7830	247	77	86697.3069491247	801.245760039378
rna-CCNA_R0087	50025	760447	1476	28895.8390934394	128689.202558944
rna-CCNA_R0081	183	5	112	1393.05299240571	11.150940486378
rna-CCNA_R0197	187	9	463	344.346113762057	4.85535551199525
rna-CCNA_R0089	2994	45	76	33587.1206382962	147.896684345645
rna-CCNA_R0090	5235	21	87	51301.7291946058	60.2919816642782
rna-CCNA_R0198	240	6	90	2273.54368159475	16.6520711263244
rna-CCNA_R0091	261	17	76	2927.9353662643	55.8720807527991
rna-CCNA_R0088	133	12	140	809.949936568131	21.4098057338457
rna-CCNA_R0092	205	2	118	1481.17517392031	4.23357740499774
rna-CCNA_R0199	192	10	119	1375.58945441027	20.9900056214174
